       6300.8921
       6300.9136
       6300.9351
       6300.9561
       6300.9775
       6300.9990
       6301.0205
       6301.0420
       6301.0635
       6301.0845
       6301.1060
       6301.1274
       6301.1489
       6301.1704
       6301.1914
       6301.2129
       6301.2344
       6301.2559
       6301.2773
       6301.2988
       6301.3198
       6301.3413
       6301.3628
       6301.3843
       6301.4058
       6301.4268
       6301.4482
       6301.4697
       6301.4912
       6301.5127
       6301.5342
       6301.5552
       6301.5767
       6301.5981
       6301.6196
       6301.6411
       6301.6621
       6301.6836
       6301.7051
       6301.7266
       6301.7480
       6301.7695
       6301.7905
       6301.8120
       6301.8335
       6301.8550
       6301.8765
       6301.8975
       6301.9189
       6301.9404
       6301.9619
       6301.9834
       6302.0049
       6302.0259
       6302.0474
       6302.0688
       6302.0903
       6302.1118
       6302.1328
       6302.1543
       6302.1758
       6302.1973
       6302.2188
       6302.2402
       6302.2612
       6302.2827
       6302.3042
       6302.3257
       6302.3472
       6302.3682
       6302.3896
       6302.4111
       6302.4326
       6302.4541
       6302.4751
       6302.4966
       6302.5181
       6302.5396
       6302.5610
       6302.5825
       6302.6035
       6302.6250
       6302.6465
       6302.6680
       6302.6895
       6302.7104
       6302.7319
       6302.7534
       6302.7749
       6302.7964
       6302.8179
       6302.8389
       6302.8604
       6302.8818
       6302.9033
       6302.9248
       6302.9458
       6302.9673
       6302.9888
       6303.0103
       6303.0317
       6303.0532
       6303.0742
       6303.0957
       6303.1172
       6303.1387
       6303.1602
       6303.1812
       6303.2026
       6303.2241
       6303.2456
       6303.2671